99,100,0.10514456648968462
199,100,0.04505605785548141
299,100,0.06113790463332407
399,100,0.12149853541550329
499,100,0.019842084636366053
599,100,0.053154113835807947
699,100,0.03514115377934672
799,100,0.08666814756261373
899,100,0.09645502830894656
999,100,0.09440963794841081
1099,100,0.1553499998690313
1199,100,0.04656420721148606
1299,100,0.02072313924345508
1399,100,0.050575496437522814
1499,100,0.08548479051057711
1599,100,0.03346980583446566
1699,100,0.019643567446473754
1799,100,0.0933530469013931
1899,100,0.07087348761979229
1999,100,0.05781693799108325
2099,100,0.06609235759356125
2199,100,0.05066981939719426
2299,100,0.03980148041446228
2399,100,0.07865101990233825
2499,100,0.06968177788476168
2599,100,0.06812942163160188
2699,100,0.043546151874215865
2799,100,3.6797003865242006
2899,100,0.0461596913764879
2999,100,0.06833140608650864
3099,100,0.10552235345055579
3199,100,0.05570289597045246
3299,100,0.08380734995589592
3399,100,0.05828676862583961
3499,100,0.066790446777145
3599,100,0.20444548177183605
3699,100,0.16443822183209705
3799,100,0.07908579035356525
3899,100,0.09862434817769099
3999,100,0.05411733130604261
4099,100,0.07196880525443702
4199,100,0.07714636993550812
4299,100,0.12429487240897288
4399,100,0.05811347554069783
4499,100,0.10159439452108927
4599,100,0.18311536818509921
4699,100,0.02807433346806647
4799,100,0.5958575374010252
4899,100,0.31215409277938305
4999,100,1.581951858755201
total time = 497.5037887799999s...